finished 1000 files
finished 2000 files
finished 3000 files
finished 4000 files
finished 5000 files
finished 6000 files
finished 7000 files
finished 8000 files
finished 9000 files
finished 10000 files
finished 11000 files
finished 12000 files
finished 13000 files
finished 14000 files
finished 15000 files
finished 16000 files
finished 17000 files
finished 18000 files
finished 19000 files
finished 20000 files
finished 21000 files
finished 22000 files
finished 23000 files
finished 24000 files
finished 25000 files
finished 26000 files
finished 27000 files
finished 28000 files
finished 29000 files
finished 30000 files
finished 31000 files
finished 32000 files
finished 33000 files
finished 34000 files
finished 35000 files
finished 36000 files
finished 37000 files
finished 38000 files
finished 39000 files
finished 40000 files
finished 41000 files
finished 42000 files
finished 43000 files
finished 44000 files
finished 45000 files
finished 46000 files
finished 47000 files
finished 48000 files
finished 49000 files
finished 50000 files
finished 51000 files
finished 52000 files
finished 53000 files
finished 54000 files
finished 55000 files
finished 56000 files
finished 57000 files
finished 58000 files
finished 59000 files
finished 60000 files
finished 61000 files
finished 62000 files
finished 63000 files
finished 64000 files
finished 65000 files
finished 66000 files
finished 67000 files
finished 68000 files
finished 69000 files
finished 70000 files
finished 71000 files
finished 72000 files
finished 73000 files
finished 74000 files
finished 75000 files
finished 76000 files
finished 77000 files
finished 78000 files
finished 79000 files
finished 80000 files
finished 81000 files
finished 82000 files
finished 83000 files
finished 84000 files
finished 85000 files
finished 86000 files
finished 87000 files
finished 88000 files
finished 89000 files
finished 90000 files
finished 91000 files
finished 92000 files
finished 93000 files
finished 94000 files
finished 95000 files
finished 96000 files
finished 97000 files
finished 98000 files
finished 99000 files
finished 1000 files
finished 2000 files
finished 3000 files
finished 4000 files
finished 5000 files
finished 6000 files
finished 7000 files
finished 8000 files
finished 9000 files
finished 10000 files
finished 11000 files
finished 12000 files
finished 13000 files
finished 14000 files
finished 15000 files
finished 16000 files
finished 17000 files
finished 18000 files
finished 19000 files
train 0/99676=0.0%
train 24919/99676=25.0%
train 54822/99676=55.0%
train 84725/99676=85.0%
test 0/19811=0.0%
test 4953/19811=25.0%
test 10897/19811=55.0%
test 16840/19811=85.0%
start optimization...
[[0.         0.00436896 0.00157099 0.01313797 0.00762343 0.01290058
  0.0033018  0.00461027 0.00861682 0.00497318]
 [0.00436896 0.         0.00402442 0.00881436 0.00124411 0.00406633
  0.00204796 0.00577995 0.00237931 0.00270021]
 [0.00157099 0.00402442 0.         0.01922937 0.00902809 0.01520239
  0.00304223 0.00094362 0.00496888 0.00275788]
 [0.01313797 0.00881436 0.01922937 0.         0.00410433 0.00284649
  0.01046276 0.02540998 0.01795821 0.01580128]
 [0.00762343 0.00124411 0.00902809 0.00410433 0.         0.00086778
  0.00391063 0.01201272 0.00550851 0.00593172]
 [0.01290058 0.00406633 0.01520239 0.00284649 0.00086778 0.
  0.00743684 0.01893149 0.00926562 0.01044571]
 [0.0033018  0.00204796 0.00304223 0.01046276 0.00391063 0.00743684
  0.         0.00476341 0.0044058  0.00104479]
 [0.00461027 0.00577995 0.00094362 0.02540998 0.01201272 0.01893149
  0.00476341 0.         0.00412353 0.00266907]
 [0.00861682 0.00237931 0.00496888 0.01795821 0.00550851 0.00926562
  0.0044058  0.00412353 0.         0.00274923]
 [0.00497318 0.00270021 0.00275788 0.01580128 0.00593172 0.01044571
  0.00104479 0.00266907 0.00274923 0.        ]]
[[ 0.  5.  4. 10.  6.  8.  8.  7.  8. 10.]
 [ 5.  0.  4.  8.  4.  7.  8.  5.  5.  6.]
 [ 4.  4.  0. 10.  6.  9.  9.  7.  6.  9.]
 [10.  8. 10.  0.  8.  8.  8. 11. 10.  9.]
 [ 6.  4.  6.  8.  0.  7.  7.  7.  6.  7.]
 [ 8.  7.  9.  8.  7.  0.  8. 10.  9.  9.]
 [ 8.  8.  9.  8.  7.  8.  0.  9.  7.  6.]
 [ 7.  5.  7. 11.  7. 10.  9.  0.  6.  9.]
 [ 8.  5.  6. 10.  6.  9.  7.  6.  0.  7.]
 [10.  6.  9.  9.  7.  9.  6.  9.  7.  0.]]
Epoch: 0001 train_loss= 268.13278 time= 5.37861
Epoch: 0002 train_loss= 228.55978 time= 1.31003
Epoch: 0003 train_loss= 143.44194 time= 0.55680
Epoch: 0004 train_loss= 105.40671 time= 1.05828
Epoch: 0005 train_loss= 117.98507 time= 1.12006
Epoch: 0006 train_loss= 86.60051 time= 1.17970
Epoch: 0007 train_loss= 134.06883 time= 0.70690
Epoch: 0008 train_loss= 89.87387 time= 1.12872
Epoch: 0009 train_loss= 95.75082 time= 1.14331
Epoch: 0010 train_loss= 110.24708 time= 1.46277
Epoch: 0011 train_loss= 105.75278 time= 0.96184
Epoch: 0012 train_loss= 104.42204 time= 0.74686
Epoch: 0013 train_loss= 111.87283 time= 0.67459
Epoch: 0014 train_loss= 107.25652 time= 1.06961
Epoch: 0015 train_loss= 93.01002 time= 1.23735
Epoch: 0016 train_loss= 81.10706 time= 0.82321
Epoch: 0017 train_loss= 105.44762 time= 1.05496
Epoch: 0018 train_loss= 155.37946 time= 0.64563
Epoch: 0019 train_loss= 98.52372 time= 2.14622
Epoch: 0020 train_loss= 76.36139 time= 1.00210
Epoch: 0021 train_loss= 92.76645 time= 1.16975
Epoch: 0022 train_loss= 62.23396 time= 0.73136
Epoch: 0023 train_loss= 66.52806 time= 0.60660
Epoch: 0024 train_loss= 76.84408 time= 1.11574
Epoch: 0025 train_loss= 62.89071 time= 0.71522
Epoch: 0026 train_loss= 104.29530 time= 0.73709
Epoch: 0027 train_loss= 88.64634 time= 1.73435
Epoch: 0028 train_loss= 100.67758 time= 1.20397
Epoch: 0029 train_loss= 122.62270 time= 0.95715
Epoch: 0030 train_loss= 113.01721 time= 0.80056
Epoch: 0031 train_loss= 56.60537 time= 0.72709
Epoch: 0032 train_loss= 77.90583 time= 1.00641
Epoch: 0033 train_loss= 57.87168 time= 1.28614
Epoch: 0034 train_loss= 77.35855 time= 0.87892
Epoch: 0035 train_loss= 68.18871 time= 1.67525
Epoch: 0036 train_loss= 77.80699 time= 0.64932
Epoch: 0037 train_loss= 91.47118 time= 0.69641
Epoch: 0038 train_loss= 84.71255 time= 0.58522
Epoch: 0039 train_loss= 71.36518 time= 1.39315
Epoch: 0040 train_loss= 72.72070 time= 1.06310
Epoch: 0041 train_loss= 65.29750 time= 0.89301
Epoch: 0042 train_loss= 83.63980 time= 0.66414
Epoch: 0043 train_loss= 80.02631 time= 0.68040
Epoch: 0044 train_loss= 60.78950 time= 0.62504
Epoch: 0045 train_loss= 56.21568 time= 1.19300
Epoch: 0046 train_loss= 54.66830 time= 0.58947
Epoch: 0047 train_loss= 48.26856 time= 0.84069
Epoch: 0048 train_loss= 47.20700 time= 1.26951
Epoch: 0049 train_loss= 65.00339 time= 0.81332
Epoch: 0050 train_loss= 71.90658 time= 1.32712
Epoch: 0051 train_loss= 43.25671 time= 0.94147
Epoch: 0052 train_loss= 59.48225 time= 1.22652
Epoch: 0053 train_loss= 51.87416 time= 0.36721
Epoch: 0054 train_loss= 42.95977 time= 1.14814
Epoch: 0055 train_loss= 68.34178 time= 1.27402
Epoch: 0056 train_loss= 74.39484 time= 1.18433
Epoch: 0057 train_loss= 58.95913 time= 0.92940
Epoch: 0058 train_loss= 52.42220 time= 0.78692
Epoch: 0059 train_loss= 61.17602 time= 1.50337
Epoch: 0060 train_loss= 50.05746 time= 1.48404
Epoch: 0061 train_loss= 60.84291 time= 1.62279
Epoch: 0062 train_loss= 50.21256 time= 0.81800
Epoch: 0063 train_loss= 75.27937 time= 0.75635
Epoch: 0064 train_loss= 50.76724 time= 0.65228
Epoch: 0065 train_loss= 65.03373 time= 1.07297
Epoch: 0066 train_loss= 54.60808 time= 1.46672
Epoch: 0067 train_loss= 63.67276 time= 1.00037
Epoch: 0068 train_loss= 55.29617 time= 0.90084
Epoch: 0069 train_loss= 74.64164 time= 0.93261
Epoch: 0070 train_loss= 68.25401 time= 1.05134
Epoch: 0071 train_loss= 62.64435 time= 1.34676
Epoch: 0072 train_loss= 55.07204 time= 0.99267
Epoch: 0073 train_loss= 50.12771 time= 1.03422
Epoch: 0074 train_loss= 56.07173 time= 1.46561
Epoch: 0075 train_loss= 59.28687 time= 1.40513
Epoch: 0076 train_loss= 72.42019 time= 1.03865
Epoch: 0077 train_loss= 47.93647 time= 0.65576
Epoch: 0078 train_loss= 64.99194 time= 1.04042
Epoch: 0079 train_loss= 56.93593 time= 0.90871
Epoch: 0080 train_loss= 61.08957 time= 1.68879
Epoch: 0081 train_loss= 51.51031 time= 0.38141
Epoch: 0082 train_loss= 56.10658 time= 0.80266
Epoch: 0083 train_loss= 82.49779 time= 1.21619
Epoch: 0084 train_loss= 71.91071 time= 1.11988
Epoch: 0085 train_loss= 49.96509 time= 0.53767
Epoch: 0086 train_loss= 51.17783 time= 0.59465
Epoch: 0087 train_loss= 73.67508 time= 1.21976
Epoch: 0088 train_loss= 79.40279 time= 0.64237
Epoch: 0089 train_loss= 58.76122 time= 1.14588
Epoch: 0090 train_loss= 92.63518 time= 0.60319
Epoch: 0091 train_loss= 49.49686 time= 0.89158
Epoch: 0092 train_loss= 61.08806 time= 0.72078
Epoch: 0093 train_loss= 55.06848 time= 1.10520
Epoch: 0094 train_loss= 45.39963 time= 2.06685
Epoch: 0095 train_loss= 52.78718 time= 0.50432
Epoch: 0096 train_loss= 53.40275 time= 0.49963
Epoch: 0097 train_loss= 78.55163 time= 0.97688
Epoch: 0098 train_loss= 94.67910 time= 0.71387
Epoch: 0099 train_loss= 45.03572 time= 1.40886
Epoch: 0100 train_loss= 62.64733 time= 1.04689
[[0.         3.919331   4.241492   3.2595568  3.3597026  1.1372643
  6.210432   0.6666479  2.9183168  0.49806404]
 [3.919331   0.         0.5166893  1.0179291  1.8468533  4.707397
  0.50218296 7.14463    1.6285028  6.2968464 ]
 [4.241492   0.5166893  0.         2.3789506  3.4279408  3.9949694
  0.8298559  7.5080266  0.6763458  6.376969  ]
 [3.2595568  1.0179291  2.3789506  0.         0.17322922 5.0404444
  1.9789352  5.7649508  3.336195   5.2772746 ]
 [3.3597026  1.8468533  3.4279408  0.17322922 0.         5.434959
  2.9258356  5.4807267  4.3052235  5.1173306 ]
 [1.1372643  4.707397   3.9949694  5.0404444  5.434959   0.
  6.85839    1.9899092  1.9469776  1.1409845 ]
 [6.210432   0.50218296 0.8298559  1.9789352  2.9258356  6.85839
  0.         9.8520355  2.7067785  8.846824  ]
 [0.6666479  7.14463    7.5080266  5.7649508  5.4807267  1.9899092
  9.8520355  0.         5.6714253  0.13430882]
 [2.9183168  1.6285028  0.6763458  3.336195   4.3052235  1.9469776
  2.7067785  5.6714253  0.         4.4941916 ]
 [0.49806404 6.2968464  6.376969   5.2772746  5.1173306  1.1409845
  8.846824   0.13430882 4.4941916  0.        ]]
[[ 0.  8.  9.  8.  9.  6.  9. 10.  8.  7.]
 [ 8.  0.  6.  7.  5.  5.  6. 10.  7.  7.]
 [ 9.  6.  0.  9.  9.  6.  4. 11.  7.  5.]
 [ 8.  7.  9.  0.  6.  9.  8.  8.  8. 10.]
 [ 9.  5.  9.  6.  0.  8.  9.  8.  9.  7.]
 [ 6.  5.  6.  9.  8.  0.  8.  9.  7.  6.]
 [ 9.  6.  4.  8.  9.  8.  0. 10.  5.  7.]
 [10. 10. 11.  8.  8.  9. 10.  0.  9. 11.]
 [ 8.  7.  7.  8.  9.  7.  5.  9.  0.  6.]
 [ 7.  7.  5. 10.  7.  6.  7. 11.  6.  0.]]
Epoch: 0101 train_loss= 49.65961 time= 1.66445
Epoch: 0102 train_loss= 67.96067 time= 0.54346
Epoch: 0103 train_loss= 70.09607 time= 0.80127
Epoch: 0104 train_loss= 66.75459 time= 0.42794
Epoch: 0105 train_loss= 76.17685 time= 1.03937
Epoch: 0106 train_loss= 60.36468 time= 1.25348
Epoch: 0107 train_loss= 59.47511 time= 1.05113
Epoch: 0108 train_loss= 54.72290 time= 0.86435
Epoch: 0109 train_loss= 57.69620 time= 1.99179
Epoch: 0110 train_loss= 41.82203 time= 0.66191
Epoch: 0111 train_loss= 44.50928 time= 1.12308
Epoch: 0112 train_loss= 58.84106 time= 1.93387
Epoch: 0113 train_loss= 38.94561 time= 0.77039
Epoch: 0114 train_loss= 46.66496 time= 1.21419
Epoch: 0115 train_loss= 44.16602 time= 1.66815
Epoch: 0116 train_loss= 48.31517 time= 0.66432
Epoch: 0117 train_loss= 63.60798 time= 0.68228
Epoch: 0118 train_loss= 40.74869 time= 0.62397
Epoch: 0119 train_loss= 52.24982 time= 0.76550
Epoch: 0120 train_loss= 45.90590 time= 0.88371
Epoch: 0121 train_loss= 68.21551 time= 0.67089
Epoch: 0122 train_loss= 52.16825 time= 0.59225
Epoch: 0123 train_loss= 60.26428 time= 1.30767
Epoch: 0124 train_loss= 57.79496 time= 1.58839
Epoch: 0125 train_loss= 49.21661 time= 0.51033
Epoch: 0126 train_loss= 45.04649 time= 0.48802
Epoch: 0127 train_loss= 45.98360 time= 0.41133
Epoch: 0128 train_loss= 49.61465 time= 1.21543
Epoch: 0129 train_loss= 56.12681 time= 0.71498
Epoch: 0130 train_loss= 56.57671 time= 0.86326
Epoch: 0131 train_loss= 53.16983 time= 0.87640
Epoch: 0132 train_loss= 55.71513 time= 0.70553
Epoch: 0133 train_loss= 63.18503 time= 0.91248
Epoch: 0134 train_loss= 61.21796 time= 0.41325
Epoch: 0135 train_loss= 56.96126 time= 0.82257
Epoch: 0136 train_loss= 74.12899 time= 0.91926
Epoch: 0137 train_loss= 48.81685 time= 1.35278
Epoch: 0138 train_loss= 70.42307 time= 0.90688
Epoch: 0139 train_loss= 57.87222 time= 1.70483
Epoch: 0140 train_loss= 44.65494 time= 0.83288
Epoch: 0141 train_loss= 69.26106 time= 0.49309
Epoch: 0142 train_loss= 58.22844 time= 0.95786
Epoch: 0143 train_loss= 43.59662 time= 0.74790
Epoch: 0144 train_loss= 50.18498 time= 0.76592
Epoch: 0145 train_loss= 48.71664 time= 0.90606
Epoch: 0146 train_loss= 53.39109 time= 0.49470
Epoch: 0147 train_loss= 53.91922 time= 1.38949
Epoch: 0148 train_loss= 57.10053 time= 0.77247
Epoch: 0149 train_loss= 47.84773 time= 0.97906
Epoch: 0150 train_loss= 64.50666 time= 0.59973
Epoch: 0151 train_loss= 59.88709 time= 1.24984
Epoch: 0152 train_loss= 55.26987 time= 0.76626
Epoch: 0153 train_loss= 52.64428 time= 1.84692
Epoch: 0154 train_loss= 57.45577 time= 0.62883
Epoch: 0155 train_loss= 64.03547 time= 0.70269
Epoch: 0156 train_loss= 64.68051 time= 1.14845
Epoch: 0157 train_loss= 46.99880 time= 1.76342
Epoch: 0158 train_loss= 63.28737 time= 0.96434
Epoch: 0159 train_loss= 63.33221 time= 1.36135
Epoch: 0160 train_loss= 66.12152 time= 0.85487
Epoch: 0161 train_loss= 62.05322 time= 0.66385
Epoch: 0162 train_loss= 38.91356 time= 0.45160
Epoch: 0163 train_loss= 59.90176 time= 0.89390
Epoch: 0164 train_loss= 60.32473 time= 0.87785
Epoch: 0165 train_loss= 53.42121 time= 0.93023
Epoch: 0166 train_loss= 37.93098 time= 1.58250
Epoch: 0167 train_loss= 45.22961 time= 0.74163
Epoch: 0168 train_loss= 58.47686 time= 0.65440
Epoch: 0169 train_loss= 61.97033 time= 0.98923
Epoch: 0170 train_loss= 44.00222 time= 1.14665
Epoch: 0171 train_loss= 58.59319 time= 0.65486
Epoch: 0172 train_loss= 58.38892 time= 1.84951
Epoch: 0173 train_loss= 57.43438 time= 0.98493
Epoch: 0174 train_loss= 67.48003 time= 0.72093
Epoch: 0175 train_loss= 33.70503 time= 0.54938
Epoch: 0176 train_loss= 56.21221 time= 1.26365
Epoch: 0177 train_loss= 52.84291 time= 0.58448
Epoch: 0178 train_loss= 55.56608 time= 0.69305
Epoch: 0179 train_loss= 44.67531 time= 0.76067
Epoch: 0180 train_loss= 60.24099 time= 0.80341
Epoch: 0181 train_loss= 60.03426 time= 1.23773
Epoch: 0182 train_loss= 55.64961 time= 0.98677
Epoch: 0183 train_loss= 50.00298 time= 0.74680
Epoch: 0184 train_loss= 43.50178 time= 1.34906
Epoch: 0185 train_loss= 79.31592 time= 1.48446
Epoch: 0186 train_loss= 42.62533 time= 1.07440
Epoch: 0187 train_loss= 39.84086 time= 0.88192
Epoch: 0188 train_loss= 36.36660 time= 0.53545
Epoch: 0189 train_loss= 56.85451 time= 1.30248
Epoch: 0190 train_loss= 50.44218 time= 0.84579
Epoch: 0191 train_loss= 47.65216 time= 1.13421
Epoch: 0192 train_loss= 42.07031 time= 0.73584
Epoch: 0193 train_loss= 58.65677 time= 1.11071
Epoch: 0194 train_loss= 54.19646 time= 0.57771
Epoch: 0195 train_loss= 59.53101 time= 1.21001
Epoch: 0196 train_loss= 49.10390 time= 0.75724
Epoch: 0197 train_loss= 69.81075 time= 0.75004
Epoch: 0198 train_loss= 69.20668 time= 0.61139
Epoch: 0199 train_loss= 65.90049 time= 0.91987
Epoch: 0200 train_loss= 55.88923 time= 1.35892
[[0.         2.3970108  2.5306196  0.2873087  0.12367439 2.132904
  1.5060778  1.2034092  0.7936821  3.2448997 ]
 [2.3970108  0.         0.04319668 1.4423752  1.7325945  0.19767284
  0.27033234 3.088233   1.1597023  0.299263  ]
 [2.5306196  0.04319668 0.         1.6103668  1.8551416  0.40110397
  0.42757416 3.346552   1.3937035  0.12180042]
 [0.2873087  1.4423752  1.6103668  0.         0.06776428 1.173255
  0.6402979  0.98671436 0.14215851 2.3379097 ]
 [0.12367439 1.7325945  1.8551416  0.06776428 0.         1.5238676
  0.91904163 1.2508593  0.3829565  2.5295954 ]
 [2.132904   0.19767284 0.40110397 1.173255   1.5238676  0.
  0.17169857 2.5817747  0.80071735 0.93006897]
 [1.5060778  0.27033234 0.42757416 0.6402979  0.91904163 0.17169857
  0.         2.0489378  0.3739891  0.9730072 ]
 [1.2034092  3.088233   3.346552   0.98671436 1.2508593  2.5817747
  2.0489378  0.         1.0656309  4.269223  ]
 [0.7936821  1.1597023  1.3937035  0.14215851 0.3829565  0.80071735
  0.3739891  1.0656309  0.         2.1903648 ]
 [3.2448997  0.299263   0.12180042 2.3379097  2.5295954  0.93006897
  0.9730072  4.269223   2.1903648  0.        ]]
[[ 0.  7.  8.  7. 10.  8.  6.  8.  9.  7.]
 [ 7.  0.  5.  5.  9.  6.  5.  7.  4.  5.]
 [ 8.  5.  0.  8. 10.  6.  8.  8.  8.  7.]
 [ 7.  5.  8.  0.  8.  7.  5.  8.  8.  7.]
 [10.  9. 10.  8.  0. 11.  8. 11.  8. 10.]
 [ 8.  6.  6.  7. 11.  0.  8.  5.  8.  7.]
 [ 6.  5.  8.  5.  8.  8.  0.  8.  7.  8.]
 [ 8.  7.  8.  8. 11.  5.  8.  0.  9.  8.]
 [ 9.  4.  8.  8.  8.  8.  7.  9.  0.  7.]
 [ 7.  5.  7.  7. 10.  7.  8.  8.  7.  0.]]
Epoch: 0201 train_loss= 64.30492 time= 1.02865
Epoch: 0202 train_loss= 44.97409 time= 0.94427
Epoch: 0203 train_loss= 49.09060 time= 0.88641
Epoch: 0204 train_loss= 44.89090 time= 2.08602
Epoch: 0205 train_loss= 36.04969 time= 1.04028
Epoch: 0206 train_loss= 42.14310 time= 0.68605
Epoch: 0207 train_loss= 37.45926 time= 0.94700
Epoch: 0208 train_loss= 68.34368 time= 1.43024
Epoch: 0209 train_loss= 49.60745 time= 0.87109
Epoch: 0210 train_loss= 49.56513 time= 1.15912
Epoch: 0211 train_loss= 37.21892 time= 0.74029
Epoch: 0212 train_loss= 59.47415 time= 1.38482
Epoch: 0213 train_loss= 32.93705 time= 0.77927
Epoch: 0214 train_loss= 42.50719 time= 0.87708
Epoch: 0215 train_loss= 58.30356 time= 0.57802
Epoch: 0216 train_loss= 51.51357 time= 0.75491
Epoch: 0217 train_loss= 52.27857 time= 0.57118
Epoch: 0218 train_loss= 61.88356 time= 0.98383
Epoch: 0219 train_loss= 55.68087 time= 1.07258
Epoch: 0220 train_loss= 48.67044 time= 1.05183
Epoch: 0221 train_loss= 27.95510 time= 0.74318
Epoch: 0222 train_loss= 46.39118 time= 1.46685
Epoch: 0223 train_loss= 34.96740 time= 0.81372
Epoch: 0224 train_loss= 71.66296 time= 0.66783
Epoch: 0225 train_loss= 37.06496 time= 0.72322
Epoch: 0226 train_loss= 40.56972 time= 1.44673
Epoch: 0227 train_loss= 41.46421 time= 0.73206
Epoch: 0228 train_loss= 53.77291 time= 0.96214
Epoch: 0229 train_loss= 53.47380 time= 1.07434
Epoch: 0230 train_loss= 40.79712 time= 0.67208
Epoch: 0231 train_loss= 37.30722 time= 1.08199
Epoch: 0232 train_loss= 48.58856 time= 0.84511
Epoch: 0233 train_loss= 60.40652 time= 0.99409
Epoch: 0234 train_loss= 42.36066 time= 0.44587
Epoch: 0235 train_loss= 39.17364 time= 0.90714
Epoch: 0236 train_loss= 51.64858 time= 1.20479
Epoch: 0237 train_loss= 52.16723 time= 0.79043
Epoch: 0238 train_loss= 59.56674 time= 0.69001
Epoch: 0239 train_loss= 42.30997 time= 0.36087
Epoch: 0240 train_loss= 60.22399 time= 1.39950
Epoch: 0241 train_loss= 41.15464 time= 1.18365
Epoch: 0242 train_loss= 64.52905 time= 0.83894
Epoch: 0243 train_loss= 51.47818 time= 0.83627
Epoch: 0244 train_loss= 51.05377 time= 1.44457
Epoch: 0245 train_loss= 33.06379 time= 1.10763
Epoch: 0246 train_loss= 63.71935 time= 0.94477
Epoch: 0247 train_loss= 69.74720 time= 1.79066
Epoch: 0248 train_loss= 56.69140 time= 0.85868
Epoch: 0249 train_loss= 42.61225 time= 1.46885
Epoch: 0250 train_loss= 42.29949 time= 0.91335
Epoch: 0251 train_loss= 46.94049 time= 1.15872
Epoch: 0252 train_loss= 50.91327 time= 0.61502
Epoch: 0253 train_loss= 37.69907 time= 0.67546
Epoch: 0254 train_loss= 44.09599 time= 0.64938
Epoch: 0255 train_loss= 44.70311 time= 1.34710
Epoch: 0256 train_loss= 50.47770 time= 1.18749
Epoch: 0257 train_loss= 55.39312 time= 1.51794
Epoch: 0258 train_loss= 38.60537 time= 1.32351
Epoch: 0259 train_loss= 60.30257 time= 0.38998
Epoch: 0260 train_loss= 38.40451 time= 0.69554
Epoch: 0261 train_loss= 45.13165 time= 0.83322
Epoch: 0262 train_loss= 50.38656 time= 0.73386
Epoch: 0263 train_loss= 46.99683 time= 1.09287
Epoch: 0264 train_loss= 37.54903 time= 1.11918
Epoch: 0265 train_loss= 44.10158 time= 0.92011
Epoch: 0266 train_loss= 82.51524 time= 0.96561
Epoch: 0267 train_loss= 56.02471 time= 0.35099
Epoch: 0268 train_loss= 38.27047 time= 1.05044
Epoch: 0269 train_loss= 31.73788 time= 0.76794
Epoch: 0270 train_loss= 43.39590 time= 0.88546
Epoch: 0271 train_loss= 44.43247 time= 1.27614
Epoch: 0272 train_loss= 55.64476 time= 0.74570
Epoch: 0273 train_loss= 39.68501 time= 0.83862
Epoch: 0274 train_loss= 52.89672 time= 1.64528
Epoch: 0275 train_loss= 55.97552 time= 1.09793
Epoch: 0276 train_loss= 57.61592 time= 0.85882
Epoch: 0277 train_loss= 65.49844 time= 0.49494
Epoch: 0278 train_loss= 44.82156 time= 0.71221
Epoch: 0279 train_loss= 60.13358 time= 0.66973
Epoch: 0280 train_loss= 42.06086 time= 0.74128
Epoch: 0281 train_loss= 55.39041 time= 0.61631
Epoch: 0282 train_loss= 47.72330 time= 1.37489
Epoch: 0283 train_loss= 54.76590 time= 1.08004
Epoch: 0284 train_loss= 51.74089 time= 0.79780
Epoch: 0285 train_loss= 48.50255 time= 1.63049
Epoch: 0286 train_loss= 47.50544 time= 0.42716
Epoch: 0287 train_loss= 39.26332 time= 1.33690
Epoch: 0288 train_loss= 49.46969 time= 0.94424
Epoch: 0289 train_loss= 48.85868 time= 0.50724
Epoch: 0290 train_loss= 52.68665 time= 2.01519
Epoch: 0291 train_loss= 49.23696 time= 0.53107
Epoch: 0292 train_loss= 57.47625 time= 0.85300
Epoch: 0293 train_loss= 73.58302 time= 0.81594
Epoch: 0294 train_loss= 49.46984 time= 0.71536
Epoch: 0295 train_loss= 39.46276 time= 0.81049
Epoch: 0296 train_loss= 45.81319 time= 1.24965
Epoch: 0297 train_loss= 48.41703 time= 1.22222
Epoch: 0298 train_loss= 44.76078 time= 1.54066
Epoch: 0299 train_loss= 70.54163 time= 0.94823
Epoch: 0300 train_loss= 52.36253 time= 0.98780
[[ 0.          4.6350713   0.10539532  4.6224217   1.0448046   1.8031454
   2.9194975   1.2222157   3.564331    4.658603  ]
 [ 4.6350713   0.          4.5239773   0.0940218   2.723567    2.573102
  10.301365    2.912074    3.146369    2.8977442 ]
 [ 0.10539532  4.5239773   0.          4.3798447   0.66226673  2.2051487
   3.1794977   0.78287506  4.132536    4.1002502 ]
 [ 4.6224217   0.0940218   4.3798447   0.          2.4066286   3.0924902
  10.061516    2.5600138   3.911354    2.31149   ]
 [ 1.0448046   2.723567    0.66226673  2.4066286   0.          2.7033644
   4.8586082   0.01616573  4.557432    1.8915663 ]
 [ 1.8031454   2.573102    2.2051487   3.0924902   2.7033644   0.
   7.1697927   2.9888535   0.42271996  5.9001765 ]
 [ 2.9194975  10.301365    3.1794977  10.061516    4.8586082   7.1697927
   0.          5.0919914   9.420256    9.106541  ]
 [ 1.2222157   2.912074    0.78287506  2.5600138   0.01616573  2.9888535
   5.0919914   0.          4.8894415   1.8570843 ]
 [ 3.564331    3.146369    4.132536    3.911354    4.557432    0.42271996
   9.420256    4.8894415   0.          7.6485    ]
 [ 4.658603    2.8977442   4.1002502   2.31149     1.8915663   5.9001765
   9.106541    1.8570843   7.6485      0.        ]]
[[0. 6. 6. 7. 6. 5. 9. 8. 7. 7.]
 [6. 0. 6. 6. 6. 6. 9. 7. 8. 6.]
 [6. 6. 0. 4. 5. 5. 4. 7. 7. 7.]
 [7. 6. 4. 0. 6. 6. 6. 7. 8. 8.]
 [6. 6. 5. 6. 0. 4. 7. 7. 8. 7.]
 [5. 6. 5. 6. 4. 0. 7. 7. 6. 8.]
 [9. 9. 4. 6. 7. 7. 0. 6. 8. 7.]
 [8. 7. 7. 7. 7. 7. 6. 0. 8. 6.]
 [7. 8. 7. 8. 8. 6. 8. 8. 0. 6.]
 [7. 6. 7. 8. 7. 8. 7. 6. 6. 0.]]
Epoch: 0301 train_loss= 50.66489 time= 0.96286
Epoch: 0302 train_loss= 50.29421 time= 1.54324
Epoch: 0303 train_loss= 56.03328 time= 1.25786
Epoch: 0304 train_loss= 45.17598 time= 1.11145
Epoch: 0305 train_loss= 59.43663 time= 0.86061
Epoch: 0306 train_loss= 45.64043 time= 1.37358
Epoch: 0307 train_loss= 44.39052 time= 1.70910
Epoch: 0308 train_loss= 58.36797 time= 0.75891
Epoch: 0309 train_loss= 41.94613 time= 1.40203
Epoch: 0310 train_loss= 55.00830 time= 0.72631
Epoch: 0311 train_loss= 69.48244 time= 0.76498
Epoch: 0312 train_loss= 52.64315 time= 1.20315
Epoch: 0313 train_loss= 41.35468 time= 1.34321
Epoch: 0314 train_loss= 49.95907 time= 0.99940
Epoch: 0315 train_loss= 53.12674 time= 0.89316
Epoch: 0316 train_loss= 36.64808 time= 1.14400
Epoch: 0317 train_loss= 53.04811 time= 1.35252
Epoch: 0318 train_loss= 29.61046 time= 0.76986
Epoch: 0319 train_loss= 43.17622 time= 0.58744
Epoch: 0320 train_loss= 46.03363 time= 1.24505
Epoch: 0321 train_loss= 42.69936 time= 0.77392
Epoch: 0322 train_loss= 45.73125 time= 1.04442
Epoch: 0323 train_loss= 64.54319 time= 0.66297
Epoch: 0324 train_loss= 61.03999 time= 0.69245
Epoch: 0325 train_loss= 49.52487 time= 1.14253
Epoch: 0326 train_loss= 56.65160 time= 1.00485
Epoch: 0327 train_loss= 69.36262 time= 0.49282
Epoch: 0328 train_loss= 77.24503 time= 1.24637
Epoch: 0329 train_loss= 58.19517 time= 0.92340
Epoch: 0330 train_loss= 48.40063 time= 1.12421
Epoch: 0331 train_loss= 35.17880 time= 0.87401
Epoch: 0332 train_loss= 38.27262 time= 1.35431
Epoch: 0333 train_loss= 51.03514 time= 0.97780
Epoch: 0334 train_loss= 52.09620 time= 1.15197
Epoch: 0335 train_loss= 48.35921 time= 1.02929
Epoch: 0336 train_loss= 31.05591 time= 0.82175
Epoch: 0337 train_loss= 42.71709 time= 0.87992
Epoch: 0338 train_loss= 55.20157 time= 1.16924
Epoch: 0339 train_loss= 51.02066 time= 1.05018
Epoch: 0340 train_loss= 54.35200 time= 0.67320
Epoch: 0341 train_loss= 31.99647 time= 0.67693
Epoch: 0342 train_loss= 42.10298 time= 0.62055
Epoch: 0343 train_loss= 51.29137 time= 1.79310
Epoch: 0344 train_loss= 61.59874 time= 0.61961
Epoch: 0345 train_loss= 36.14128 time= 0.75653
Epoch: 0346 train_loss= 49.06534 time= 1.46221
Epoch: 0347 train_loss= 60.31982 time= 0.73905
Epoch: 0348 train_loss= 56.67675 time= 1.18479
Epoch: 0349 train_loss= 44.56972 time= 1.20922
Epoch: 0350 train_loss= 48.88469 time= 0.88246
Epoch: 0351 train_loss= 42.10235 time= 1.13460
Epoch: 0352 train_loss= 49.23852 time= 1.02902
Epoch: 0353 train_loss= 40.50400 time= 0.73090
Epoch: 0354 train_loss= 33.27875 time= 0.85425
Epoch: 0355 train_loss= 43.85759 time= 0.55939
Epoch: 0356 train_loss= 58.01041 time= 1.28172
Epoch: 0357 train_loss= 47.34069 time= 0.81214
Epoch: 0358 train_loss= 42.49255 time= 0.85919
Epoch: 0359 train_loss= 43.01624 time= 0.64688
Epoch: 0360 train_loss= 68.38630 time= 0.86155
Epoch: 0361 train_loss= 50.95142 time= 1.80515
Epoch: 0362 train_loss= 52.67669 time= 1.12934
Epoch: 0363 train_loss= 56.64433 time= 1.06905
Epoch: 0364 train_loss= 37.92039 time= 0.54130
Epoch: 0365 train_loss= 59.47009 time= 0.79078
Epoch: 0366 train_loss= 56.93019 time= 1.52998
Epoch: 0367 train_loss= 37.78604 time= 1.07348
Epoch: 0368 train_loss= 65.13235 time= 1.01768
Epoch: 0369 train_loss= 45.53948 time= 0.58031
Epoch: 0370 train_loss= 30.17430 time= 1.04167
Epoch: 0371 train_loss= 45.29783 time= 1.35515
Epoch: 0372 train_loss= 55.49762 time= 0.74806
Epoch: 0373 train_loss= 40.07658 time= 1.93802
Epoch: 0374 train_loss= 55.67562 time= 1.00659
Epoch: 0375 train_loss= 50.94604 time= 1.08403
Epoch: 0376 train_loss= 37.21505 time= 0.76114
Epoch: 0377 train_loss= 45.00369 time= 0.90901
Epoch: 0378 train_loss= 52.04317 time= 0.71896
Epoch: 0379 train_loss= 41.13814 time= 1.51822
Epoch: 0380 train_loss= 38.23926 time= 0.75787
Epoch: 0381 train_loss= 50.49278 time= 0.89694
Epoch: 0382 train_loss= 55.92002 time= 1.10325
Epoch: 0383 train_loss= 49.02682 time= 1.81969
Epoch: 0384 train_loss= 46.18398 time= 1.21781
Epoch: 0385 train_loss= 63.73518 time= 0.95900
Epoch: 0386 train_loss= 53.68031 time= 0.84093
Epoch: 0387 train_loss= 46.47607 time= 0.87582
Epoch: 0388 train_loss= 49.74904 time= 1.47449
Epoch: 0389 train_loss= 64.76572 time= 0.89777
Epoch: 0390 train_loss= 52.89946 time= 2.08719
Epoch: 0391 train_loss= 40.35911 time= 0.56986
Epoch: 0392 train_loss= 41.32170 time= 1.32289
Epoch: 0393 train_loss= 58.39072 time= 1.89753
Epoch: 0394 train_loss= 52.10121 time= 1.30551
Epoch: 0395 train_loss= 38.38917 time= 0.60203
Epoch: 0396 train_loss= 44.79181 time= 0.42227
Epoch: 0397 train_loss= 49.87820 time= 0.53210
Epoch: 0398 train_loss= 35.86324 time= 1.90783
Epoch: 0399 train_loss= 41.89987 time= 1.76708
Epoch: 0400 train_loss= 40.80416 time= 0.74904
[[ 0.          7.9626675  11.          5.163388    7.731366   11.
   8.842953    0.40079975  3.2283878   6.3322062 ]
 [ 7.9626675   0.          2.4352016   5.6346645   4.668212    2.0045958
   0.10136223 10.386863    5.016302    2.631424  ]
 [11.          2.4352016   0.          4.97844     2.7868462   0.07669544
   2.2463083  11.         10.3328705   8.194548  ]
 [ 5.163388    5.6346645   4.97844     0.          0.9766331   5.463494
   6.287911    6.3383613   8.569706    9.142174  ]
 [ 7.731366    4.668212    2.7868462   0.9766331   0.          3.3198214
   4.9538794   9.062833   10.387749    9.59353   ]
 [11.          2.0045958   0.07669544  5.463494    3.3198214   0.
   1.7991838  11.          9.866596    7.60812   ]
 [ 8.842953    0.10136223  2.2463083   6.287911    4.9538794   1.7991838
   0.         11.          5.6844954   3.1711464 ]
 [ 0.40079975 10.386863   11.          6.3383613   9.062833   11.
  11.          0.          4.861553    8.676285  ]
 [ 3.2283878   5.016302   10.3328705   8.569706   10.387749    9.866596
   5.6844954   4.861553    0.          1.7486734 ]
 [ 6.3322062   2.631424    8.194548    9.142174    9.59353     7.60812
   3.1711464   8.676285    1.7486734   0.        ]]
[[ 0.  8. 10.  6.  7.  6.  8.  6.  9. 10.]
 [ 8.  0.  7.  7.  6.  7.  6.  9. 10.  8.]
 [10.  7.  0.  9.  6.  7.  7. 11.  8.  8.]
 [ 6.  7.  9.  0.  5.  5.  6.  8.  9.  9.]
 [ 7.  6.  6.  5.  0.  4.  5.  8.  9.  7.]
 [ 6.  7.  7.  5.  4.  0.  5.  8.  9.  8.]
 [ 8.  6.  7.  6.  5.  5.  0.  8.  9.  9.]
 [ 6.  9. 11.  8.  8.  8.  8.  0. 10.  9.]
 [ 9. 10.  8.  9.  9.  9.  9. 10.  0.  8.]
 [10.  8.  8.  9.  7.  8.  9.  9.  8.  0.]]
Epoch: 0401 train_loss= 34.93913 time= 1.10945
Epoch: 0402 train_loss= 40.73935 time= 0.44828
Epoch: 0403 train_loss= 37.88762 time= 0.67001
Epoch: 0404 train_loss= 53.94189 time= 0.87796
Epoch: 0405 train_loss= 41.64034 time= 0.88449
Epoch: 0406 train_loss= 68.61790 time= 2.15427
Epoch: 0407 train_loss= 49.72909 time= 0.70033
Epoch: 0408 train_loss= 42.92127 time= 1.32073
Epoch: 0409 train_loss= 54.14072 time= 0.74455
Epoch: 0410 train_loss= 45.63512 time= 1.13763
Epoch: 0411 train_loss= 31.57907 time= 0.65801
Epoch: 0412 train_loss= 47.46630 time= 1.38812
Epoch: 0413 train_loss= 41.98607 time= 0.91727
Epoch: 0414 train_loss= 52.86197 time= 1.44867
Epoch: 0415 train_loss= 54.75931 time= 1.04504
Epoch: 0416 train_loss= 47.96528 time= 0.80864
Epoch: 0417 train_loss= 38.55534 time= 0.77285
Epoch: 0418 train_loss= 38.08495 time= 1.26167
Epoch: 0419 train_loss= 45.88253 time= 0.40163
Epoch: 0420 train_loss= 62.60529 time= 1.61934
Epoch: 0421 train_loss= 47.73288 time= 0.69953
Epoch: 0422 train_loss= 44.46155 time= 0.66317
Epoch: 0423 train_loss= 41.03392 time= 0.44715
Epoch: 0424 train_loss= 58.38657 time= 1.45290
Epoch: 0425 train_loss= 39.56999 time= 0.85726
Epoch: 0426 train_loss= 48.61691 time= 1.15092
Epoch: 0427 train_loss= 29.45608 time= 0.74512
Epoch: 0428 train_loss= 34.02818 time= 0.55462
Epoch: 0429 train_loss= 42.60065 time= 0.61933
Epoch: 0430 train_loss= 44.13182 time= 1.69095
Epoch: 0431 train_loss= 42.53656 time= 0.95922
Epoch: 0432 train_loss= 40.22345 time= 1.51416
Epoch: 0433 train_loss= 37.62958 time= 0.68515
Epoch: 0434 train_loss= 41.96792 time= 0.74434
Epoch: 0435 train_loss= 51.62250 time= 0.43217
Epoch: 0436 train_loss= 38.59756 time= 1.32714
Epoch: 0437 train_loss= 55.84166 time= 1.15095
Epoch: 0438 train_loss= 56.98022 time= 0.72083
Epoch: 0439 train_loss= 52.81904 time= 0.97498
Epoch: 0440 train_loss= 59.85508 time= 0.92933
Epoch: 0441 train_loss= 55.91267 time= 1.30502
Epoch: 0442 train_loss= 47.40831 time= 1.03117
Epoch: 0443 train_loss= 54.21776 time= 0.68810
Epoch: 0444 train_loss= 43.52515 time= 1.03445
Epoch: 0445 train_loss= 51.15680 time= 0.73615
Epoch: 0446 train_loss= 50.47189 time= 1.07206
Epoch: 0447 train_loss= 34.46489 time= 0.83732
Epoch: 0448 train_loss= 44.96890 time= 1.69702
Epoch: 0449 train_loss= 46.25364 time= 1.08405
Epoch: 0450 train_loss= 38.30379 time= 0.53086
Epoch: 0451 train_loss= 33.07969 time= 0.90689
Epoch: 0452 train_loss= 34.27979 time= 0.73890
Epoch: 0453 train_loss= 41.13803 time= 0.88285
Epoch: 0454 train_loss= 37.87694 time= 0.82736
Epoch: 0455 train_loss= 48.69593 time= 0.90409
Epoch: 0456 train_loss= 46.17200 time= 1.26360
Epoch: 0457 train_loss= 47.18164 time= 0.95142
Epoch: 0458 train_loss= 43.91340 time= 0.75958
Epoch: 0459 train_loss= 71.03825 time= 0.81653
Epoch: 0460 train_loss= 57.32332 time= 1.45823
Epoch: 0461 train_loss= 40.60939 time= 1.14176
Epoch: 0462 train_loss= 45.73839 time= 0.85974
Epoch: 0463 train_loss= 48.41965 time= 1.74171
Epoch: 0464 train_loss= 57.12112 time= 0.51344
Epoch: 0465 train_loss= 39.82122 time= 1.38948
Epoch: 0466 train_loss= 53.12686 time= 0.76535
Epoch: 0467 train_loss= 39.80922 time= 0.85650
Epoch: 0468 train_loss= 33.91774 time= 0.67196
Epoch: 0469 train_loss= 65.27026 time= 1.25956
Epoch: 0470 train_loss= 49.07717 time= 1.23130
Epoch: 0471 train_loss= 54.53148 time= 0.85534
Epoch: 0472 train_loss= 45.08396 time= 1.18044
Epoch: 0473 train_loss= 37.66470 time= 0.89551
Epoch: 0474 train_loss= 69.50962 time= 0.94739
Epoch: 0475 train_loss= 39.58398 time= 1.08222
Epoch: 0476 train_loss= 35.12745 time= 1.50216
Epoch: 0477 train_loss= 39.41705 time= 0.68151
Epoch: 0478 train_loss= 37.23437 time= 0.63076
Epoch: 0479 train_loss= 47.18700 time= 0.94309
Epoch: 0480 train_loss= 40.69059 time= 0.91152
Epoch: 0481 train_loss= 48.92788 time= 1.65992
Epoch: 0482 train_loss= 38.06497 time= 0.69551
Epoch: 0483 train_loss= 38.16988 time= 0.99562
Epoch: 0484 train_loss= 51.73458 time= 0.66942
Epoch: 0485 train_loss= 58.71415 time= 0.84924
Epoch: 0486 train_loss= 63.36093 time= 0.54527
Epoch: 0487 train_loss= 43.41766 time= 1.46756
Epoch: 0488 train_loss= 46.68339 time= 1.21818
Epoch: 0489 train_loss= 52.60568 time= 1.22896
Epoch: 0490 train_loss= 34.34840 time= 0.95714
Epoch: 0491 train_loss= 40.28138 time= 1.71071
Epoch: 0492 train_loss= 66.70100 time= 0.54172
Epoch: 0493 train_loss= 43.24127 time= 1.51999
Epoch: 0494 train_loss= 36.74628 time= 1.10814
Epoch: 0495 train_loss= 47.39858 time= 1.16745
Epoch: 0496 train_loss= 40.91132 time= 1.23252
Epoch: 0497 train_loss= 38.35076 time= 0.93334
Epoch: 0498 train_loss= 46.06708 time= 0.86266
Epoch: 0499 train_loss= 50.46107 time= 1.49314
Epoch: 0500 train_loss= 29.99490 time= 0.79273
[[ 0.          1.7702446   4.6045513   7.017215    0.07587147  3.7789469
   7.8531957   2.1866255   8.950437    5.071988  ]
 [ 1.7702446   0.          1.3064241   4.1213026   1.357151    3.1243172
   8.271392    5.2277646   5.9245396   6.089443  ]
 [ 4.6045513   1.3064241   0.          2.2742167   4.173893    4.756027
  10.083614    8.046263    3.5080214   8.136517  ]
 [ 7.017215    4.1213026   2.2742167   0.          6.475218    2.9956102
   7.286441    9.203419    0.20869255  6.4321227 ]
 [ 0.07587147  1.357151    4.173893    6.475218    0.          3.2468748
   7.6176343   2.556736    8.391173    4.9762955 ]
 [ 3.7789469   3.1243172   4.756027    2.9956102   3.2468748   0.
   3.1192532   4.987142    3.9392643   2.1024904 ]
 [ 7.8531957   8.271392   10.083614    7.286441    7.6176343   3.1192532
   0.          5.2113123   7.9461875   0.5708895 ]
 [ 2.1866255   5.2277646   8.046263    9.203419    2.556736    4.987142
   5.2113123   0.         10.7865505   2.8005695 ]
 [ 8.950437    5.9245396   3.5080214   0.20869255  8.391173    3.9392643
   7.9461875  10.7865505   0.          7.376384  ]
 [ 5.071988    6.089443    8.136517    6.4321227   4.9762955   2.1024904
   0.5708895   2.8005695   7.376384    0.        ]]
[[ 0.  6.  6.  6.  7.  5.  7.  7.  7.  7.]
 [ 6.  0.  5.  4.  4.  6.  6.  8.  5.  6.]
 [ 6.  5.  0.  5.  6.  5.  9.  9.  6.  6.]
 [ 6.  4.  5.  0.  6.  4.  8. 10.  7.  5.]
 [ 7.  4.  6.  6.  0.  7.  7.  6.  7.  7.]
 [ 5.  6.  5.  4.  7.  0.  8.  8.  5.  5.]
 [ 7.  6.  9.  8.  7.  8.  0.  6.  7.  7.]
 [ 7.  8.  9. 10.  6.  8.  6.  0.  9.  8.]
 [ 7.  5.  6.  7.  7.  5.  7.  9.  0.  7.]
 [ 7.  6.  6.  5.  7.  5.  7.  8.  7.  0.]]
Epoch: 0501 train_loss= 30.67863 time= 1.02693
Epoch: 0502 train_loss= 56.56235 time= 1.42172
Epoch: 0503 train_loss= 42.95246 time= 1.18959
Epoch: 0504 train_loss= 49.68366 time= 0.96418
Epoch: 0505 train_loss= 32.19651 time= 0.86526
Epoch: 0506 train_loss= 57.33614 time= 0.79569
Epoch: 0507 train_loss= 40.83575 time= 0.71363
Epoch: 0508 train_loss= 38.57145 time= 0.98213
Epoch: 0509 train_loss= 37.66213 time= 0.60889
Epoch: 0510 train_loss= 48.04858 time= 1.60002
Epoch: 0511 train_loss= 37.38100 time= 1.19431
Epoch: 0512 train_loss= 38.43443 time= 0.74211
Epoch: 0513 train_loss= 39.83221 time= 0.52809
Epoch: 0514 train_loss= 40.49262 time= 1.11671
Epoch: 0515 train_loss= 35.15215 time= 0.80924
Epoch: 0516 train_loss= 66.10602 time= 1.08972
Epoch: 0517 train_loss= 46.18114 time= 0.83680
Epoch: 0518 train_loss= 41.79203 time= 1.25058
Epoch: 0519 train_loss= 34.80054 time= 0.68842
Epoch: 0520 train_loss= 50.66838 time= 0.50367
Epoch: 0521 train_loss= 43.97943 time= 0.72909
Epoch: 0522 train_loss= 43.79330 time= 0.92123
Epoch: 0523 train_loss= 66.70475 time= 0.96719
Epoch: 0524 train_loss= 67.24168 time= 0.63066
Epoch: 0525 train_loss= 48.23192 time= 1.07664
Epoch: 0526 train_loss= 35.79137 time= 0.72330
Epoch: 0527 train_loss= 29.20939 time= 1.00635
Epoch: 0528 train_loss= 54.52603 time= 1.13472
Epoch: 0529 train_loss= 53.81858 time= 1.16655
Epoch: 0530 train_loss= 40.00926 time= 1.18102
Epoch: 0531 train_loss= 50.28852 time= 0.70169
Epoch: 0532 train_loss= 47.15447 time= 0.58665
Epoch: 0533 train_loss= 42.90214 time= 0.86868
Epoch: 0534 train_loss= 64.96461 time= 1.15414
Epoch: 0535 train_loss= 38.35578 time= 0.72965
Epoch: 0536 train_loss= 52.86152 time= 1.12135
Epoch: 0537 train_loss= 40.13532 time= 0.74227
Epoch: 0538 train_loss= 43.71384 time= 0.97831
Epoch: 0539 train_loss= 55.19142 time= 0.90281
Epoch: 0540 train_loss= 43.83835 time= 1.10104
Epoch: 0541 train_loss= 56.62115 time= 1.05417
Epoch: 0542 train_loss= 36.03881 time= 0.93450
Epoch: 0543 train_loss= 43.28376 time= 0.80424
Epoch: 0544 train_loss= 35.79808 time= 0.73229
Epoch: 0545 train_loss= 32.68734 time= 1.27816
Epoch: 0546 train_loss= 47.07332 time= 0.81213
Epoch: 0547 train_loss= 59.12758 time= 0.90660
Epoch: 0548 train_loss= 38.26151 time= 0.79414
Epoch: 0549 train_loss= 38.45374 time= 0.51468
Epoch: 0550 train_loss= 53.80621 time= 1.26644
Epoch: 0551 train_loss= 37.82445 time= 0.81931
Epoch: 0552 train_loss= 35.14644 time= 1.10796
Epoch: 0553 train_loss= 45.23996 time= 0.40531
Epoch: 0554 train_loss= 41.15380 time= 0.84428
Epoch: 0555 train_loss= 65.19219 time= 1.56993
Epoch: 0556 train_loss= 55.33825 time= 0.78243
Epoch: 0557 train_loss= 52.61780 time= 1.06125
Epoch: 0558 train_loss= 43.82217 time= 0.51987
Epoch: 0559 train_loss= 35.86032 time= 1.03165
Epoch: 0560 train_loss= 45.21564 time= 0.79069
Epoch: 0561 train_loss= 54.40663 time= 1.18715
Epoch: 0562 train_loss= 47.80749 time= 0.49777
Epoch: 0563 train_loss= 37.27304 time= 1.07660
Epoch: 0564 train_loss= 39.96174 time= 0.87590
Epoch: 0565 train_loss= 49.42843 time= 1.36455
Epoch: 0566 train_loss= 47.85395 time= 0.84728
Epoch: 0567 train_loss= 45.41703 time= 0.77863
Epoch: 0568 train_loss= 51.16510 time= 0.61181
Epoch: 0569 train_loss= 50.71233 time= 0.72736
Epoch: 0570 train_loss= 43.30336 time= 1.11621
Epoch: 0571 train_loss= 46.45845 time= 1.13407
Epoch: 0572 train_loss= 48.98390 time= 0.87075
Epoch: 0573 train_loss= 50.62371 time= 0.71821
Epoch: 0574 train_loss= 52.42131 time= 1.44337
Epoch: 0575 train_loss= 46.70268 time= 0.81333
Epoch: 0576 train_loss= 33.79744 time= 1.80052
Epoch: 0577 train_loss= 58.38271 time= 0.75383
Epoch: 0578 train_loss= 36.47306 time= 1.14235
Epoch: 0579 train_loss= 38.01638 time= 2.20643
Epoch: 0580 train_loss= 35.85232 time= 0.90023
Epoch: 0581 train_loss= 37.46667 time= 0.66560
Epoch: 0582 train_loss= 31.09031 time= 1.17539
Epoch: 0583 train_loss= 44.02161 time= 0.80995
Epoch: 0584 train_loss= 40.10924 time= 0.81979
Epoch: 0585 train_loss= 65.13640 time= 1.33071
Epoch: 0586 train_loss= 47.95214 time= 0.46311
Epoch: 0587 train_loss= 56.00140 time= 2.49544
Epoch: 0588 train_loss= 35.03828 time= 1.23932
Epoch: 0589 train_loss= 52.91973 time= 1.14111
Epoch: 0590 train_loss= 34.35629 time= 1.25487
